error(train): 0.024620
error(test): 0.032826
